1591716693863 4976
1591716693971 4976
1591716694079 5012
1591716694154 5012
1591716694258 5012
1591716694373 5012
1591716694458 5012
1591716694562 5012
1591716694673 5012
1591716694764 5012
1591716694873 5012
1591716694966 6007
1591716753504 3790
1591716753598 3790
1591716753703 3790
1591716753792 3790
1591716753903 3790
1591716754005 5732
1591716754108 5732
1591716754199 5732
1591716754332 5732
1591716754422 5732
1591716754497 5732
1591716754600 5732
1591716754708 5732
1591716754807 5732
1591716754912 5732
1591716755013 3628
1591716755106 3628
1591716755214 3628
1591716755301 3628
1591716755410 3628
1591716755507 3628
1591716755614 3628
1591716755709 3628
1591716755805 3628
1591716755915 4946
1591716756013 4946
1591716756103 4946
1591716756209 4946
1591716756316 4946
1591716756428 4946
1591716756514 4946
1591716756610 4946
1591716756710 4946
1591716756807 4946
1591716756906 4999
1591716757019 4999
1591716757120 4999
1591716757216 4999
1591716757322 4999
1591716757465 4999
1591716757516 4999
1591716757631 4999
1591716757723 4999
1591716757832 4999
1591716757935 5633
1591716758033 5633
1591716758134 5633
1591716758263 5633
1591716758366 5633
1591716758435 5633
1591716758553 5633
1591716758647 5633
1591716758735 5633
1591716758823 5633
1591716758929 4909
1591716759034 4909
1591716759133 4909
1591716759239 4909
1591716759336 4909
1591716759429 4909
1591716759531 4909
1591716759631 4909
1591716759739 4909
1591716759842 4909
1591716759947 3967
1591716760047 3967
1591716760136 3967
1591716760236 3967
1591716760334 3967
1591716760429 3967
1591716760541 3967
1591716760642 3967
1591716760739 3967
1591716760834 4868
1591716760938 4868
1591716761038 4868
1591716761159 4868
1591716761244 4868
1591716761337 4868
1591716761438 4868
1591716761539 4868
1591716761638 4868
1591716761738 4868
1591716761853 5359
1591716761941 5359
1591716762039 5359
1591716762162 5359
1591716762252 5359
1591716762343 5359
1591716762459 5359
1591716792812 5822
1591716792931 5822
1591716793029 5822
1591716793107 5822
1591716793216 5822
1591716793307 3496
1591716793410 3496
1591716793515 3496
1591716793604 3496
1591716793719 3496
1591716793808 3496
1591716793922 3496
1591716794013 3496
1591716794118 3496
1591716794222 3496
1591716794319 4791
1591716794424 4791
1591716794535 4791
1591716794619 4791
1591716794724 4791
1591716794825 4791
1591716794914 4791
1591716795017 4791
1591716795128 4791
1591716795301 4931
1591716795335 4931
1591716795434 4931
1591716795527 4931
1591716795634 4931
1591716795737 4931
1591716795827 4931
1591716795925 4931
1591716796035 4931
1591716796125 4931
1591716796231 5629
1591716796335 5629
1591716796442 5629
1591716796537 5629
1591716796628 5629
1591716796739 5629
1591716796835 5629
1591716796943 5629
1591716797037 5629
1591716797137 5629
1591716797233 4011
1591716797356 4011
1591716797451 4011
1591716797527 4011
1591716797635 4011
1591716797732 4011
1591716797835 4011
1591716797945 4011
1591716798045 4011
1591716798136 4011
1591716798238 6187
1591716798351 6187
1591716798450 6187
1591716798563 6187
1591716798695 6187
1591716798737 6187
1591716798841 6187
1591716798943 6187
1591716799046 6187
1591716799137 6187
1591716799246 3775
1591716799397 3775
1591716799520 3775
1591716799608 3775
1591716799683 3775
1591716799821 3775
1591716799888 3775
1591716800012 3775
1591716800098 3775
1591716800203 5401
1591716800293 5401
1591716800427 5401
1591716800528 5401
1591716800593 5401
1591716800650 5401
1591716800794 5401
1591716800849 5401
1591716800961 5401
1591716801060 5401
1591716801156 5241
1591716801257 5241
1591716801372 5241
1591716801463 5241
1591716801570 5241
1591716801727 5241
1591716801761 5241
1591716801872 5241
1591716801959 5241
1591716802064 5241
1591716802166 3558
1591716802266 3558
1591716802381 3558
1591716802474 3558
1591716802592 3558
1591716802669 3558
1591716802783 3558
1591716802895 3558
1591716802901 3558
1591716802972 3558
1591716803062 3558
1591716803167 4757
1591716803281 4757
1591716803378 4757
1591716803475 4757
1591716803579 4757
1591716803678 4757
1591716803776 4757
1591716803878 4757
1591716803979 4757
1591716804072 4757
1591716804190 5148
1591716804279 5148
1591716804383 5148
1591716804484 5148
1591716804596 5148
1591716804674 5148
1591716804777 5148
1591716804880 5148
1591716804985 5148
1591716805084 5845
1591716805187 5845
1591716805313 5845
1591716805382 5845
1591716805482 5845
1591716805581 5845
1591716805690 5845
1591716805798 5845
1591716805882 5845
1591716805996 5845
1591716806099 3431
1591716806191 3431
1591716806286 3431
1591716806384 3431
1591716806483 3431
1591716806587 3431
1591716806695 3431
1591716806800 3431
1591716806909 3431
1591716806993 3431
1591716807089 4934
1591716807199 4934
1591716807307 4934
1591716807402 4934
1591716807519 4934
1591716807594 4934
1591716807692 4934
1591716807804 4934
1591716807906 4934
1591716808016 4937
1591716808112 4937
1591716808213 4937
1591716808316 4937
1591716808421 4937
1591716808504 4937
1591716808619 4937
1591716808710 4937
1591716808810 4937
1591716808907 4937
1591716809017 5836
1591716809118 5836
1591716809261 5836
1591716809339 5836
1591716809411 5836
1591716809527 5836
1591716809616 5836
1591716809707 5836
1591716809823 5836
1591716809921 5836
1591716810024 3646
1591716810113 3646
1591716810230 3646
1591716810322 3646
1591716810425 3646
1591716810526 3646
1591716810627 3646
1591716810730 3646
1591716810819 3646
1591716810914 3646
1591716811022 4846
1591716811130 4846
1591716811231 4846
1591716811333 4846
1591716811421 4846
1591716811521 4846
1591716811637 4846
1591716811731 4846
1591716811836 4846
1591716811927 4846
1591716812030 4923
1591716812137 4923
1591716812223 4923
1591716812330 4923
1591716812433 4923
1591716812547 4923
1591716812632 4923
1591716812740 4923
1591716812754 4923
1591716812843 4923
1591716812943 5417
1591716813045 5417
1591716813136 5417
1591716813227 5417
1591716813353 5417
1591716813449 5417
1591716813542 5417
1591716813646 5417
1591716813737 5417
1591716813838 5417
1591716813948 5154
1591716814061 5154
1591716814147 5154
1591716814247 5154
1591716814343 5154
1591716814459 5154
1591716814559 5154
1591716814650 5154
1591716814741 5154
1591716814843 5154
1591716814946 3628
1591716815049 3628
1591716815180 3628
1591716815255 3628
1591716815364 3628
1591716815458 3628
1591716815557 3628
1591716815659 3628
1591716815756 3628
1591716815863 3628
1591716815963 4915
1591716816065 4915
1591716816163 4915
1591716816267 4915
1591716816355 4915
1591716816464 4915
1591716816567 4915
1591716816670 4915
1591716816759 4915
1591716816860 4915
1591716816974 4829
1591716817058 4829
1591716817159 4829
1591716817259 4829
1591716817361 4829
1591716817477 4829
1591716817568 4829
1591716817678 4829
1591716817768 4829
1591716817869 6220
1591716817980 6220
1591716818086 6220
1591716818169 6220
1591716818279 6220
1591716818379 6220
1591716818469 6220
1591716818591 6220
1591716818698 6220
1591716818785 6220
1591716818886 3418
1591716818970 3418
1591716819074 3418
1591716819175 3418
1591716819281 3418
1591716819371 3418
1591716819479 3418
1591716819587 3418
1591716819685 3418
1591716819786 3418
1591716819881 4845
1591716819989 4845
1591716820094 4845
1591716820181 4845
1591716820290 4845
1591716820423 4845
1591716820487 4845
1591716820591 4845
1591716820833 5095
1591716820877 5095
1591716820914 5095
1591716820999 5095
1591716821105 5095
1591716821211 5095
1591716821302 5095
1591716821409 5095
1591716821507 5095
1591716821598 5095
1591716821699 5095
1591716821787 5734
1591716821906 5734
1591716821992 5734
1591716822104 5734
1591716822214 5734
1591716822292 5734
1591716822404 5734
1591716822501 5734
1591716822615 5734
1591716822710 5734
1591716822824 3601
1591716822864 3601
1591716822927 3601
1591716823013 3601
1591716823105 3601
1591716823210 3601
1591716823300 3601
1591716823423 3601
1591716823520 3601
1591716823626 3601
1591716823707 3601
1591716823820 4811
1591716823916 4811
1591716824022 4811
1591716824110 4811
1591716824215 4811
1591716824325 4811
1591716824428 4811
1591716824516 4811
1591716824614 4811
1591716824722 4893
1591716824820 4893
1591716824933 4893
1591716825027 4893
1591716825114 4893
1591716825227 4893
1591716825335 4893
1591716825433 4893
1591716825528 4893
1591716825626 4893
1591716825721 5511
1591716825817 5511
1591716825931 5511
1591716826035 5511
1591716826148 5511
1591716826251 5511
1591716826323 5511
1591716826441 5511
1591716826543 5511
1591716826633 5511
1591716826734 4753
1591716826850 4753
1591716826931 4753
1591716827048 4753
1591716827130 4753
1591716827231 4753
1591716827335 4753
1591716827446 4753
1591716827542 4753
1591716827628 4753
1591716827738 3961
1591716827834 3961
1591716827946 3961
1591716828049 3961
1591716828151 3961
1591716828240 3961
1591716828331 3961
1591716828431 3961
1591716828538 3961
1591716828656 3961
1591716828744 5001
1591716828841 5001
1591716828945 5001
1591716829037 5001
1591716829137 5001
1591716829250 5001
1591716829340 5001
1591716829444 5001
1591716829548 5001
1591716829641 5215
1591716829761 5215
1591716829859 5215
1591716829946 5215
1591716830054 5215
1591716830162 5215
1591716830245 5215
1591716830363 5215
1591716830462 5215
1591716830554 5215
1591716830658 5680
1591716830764 5680
1591716830858 5680
1591716830961 5680
1591716831070 5680
1591716831156 5680
1591716831264 5680
1591716831371 5680
1591716831469 5680
1591716831569 5680
1591716831674 3402
1591716831942 3402
1591716831979 3402
1591716832027 3402
1591716832126 3402
1591716832183 3402
1591716832263 3402
1591716832386 3402
1591716832486 3402
1591716832571 3402
1591716832695 4900
1591716832776 4900
1591716832878 4900
1591716833030 4900
1591716833065 4900
1591716833126 4900
1591716833245 4900
1591716833294 4900
1591716833371 4900
1591716833475 4900
1591716833582 5041
1591716833682 5041
1591716833771 5041
1591716833880 5041
1591716833981 5041
1591716834068 5041
1591716834187 5041
1591716834294 5041
1591716834394 5041
1591716834503 5041
1591716834581 5817
1591716834678 5817
1591716834792 5817
1591716834876 5817
1591716834990 5817
1591716835078 5817
1591716835195 5817
1591716835295 5817
1591716835380 5817
1591716835499 5817
1591716835583 3551
1591716835688 3551
1591716835803 3551
1591716835890 3551
1591716835994 3551
1591716836082 3551
1591716836207 3551
1591716836303 3551
1591716836382 3551
1591716836498 3551
1591716836600 5026
1591716836713 5026
1591716836802 5026
1591716836894 5026
1591716836988 5026
1591716837096 5026
1591716837199 5026
1591716837319 5026
1591716837401 5026
1591716837505 5026
1591716837608 4868
